
#######################################################################
#
#                 Cambridge Crystallographic Data Centre
#                                CCDC 
#
#######################################################################
#
# If this CIF has been generated from an entry in the Cambridge 
# Structural Database, then it will include bibliographic, chemical, 
# crystal, experimental, refinement or atomic coordinate data resulting 
# from the CCDC's data processing and validation procedures.
#
#######################################################################

data_RUPMEV
_chemical_formula_moiety         
'C672 H624 N48 O162 Pd12 24+,24(B1 F4 1-),O340 Si170,12(C2 H6 O1 S1),24(H2 O1)'
_chemical_name_systematic        
"tetracosakis(\m~2~-2-(2,6-bis(4-Pyridylethynyl)phenoxy)ethyl-\b-D-glucopyranoside-N,N')-dodeca-palladium tetracosakis(tetrafluoroborate) heptacontahectakis(silicon dioxide) clathrate dimethylsulfoxide solvate hydrate"
_symmetry_cell_setting           cubic
_symmetry_space_group_name_H-M   'F m -3 m'
_symmetry_Int_Tables_number      225
_space_group_name_Hall           '-F 4 2 3'
loop_
_symmetry_equiv_pos_site_id
_symmetry_equiv_pos_as_xyz
1 x,y,z
2 -x,-y,z
3 -x,y,-z
4 x,-y,-z
5 z,x,y
6 z,-x,-y
7 -z,-x,y
8 -z,x,-y
9 y,z,x
10 -y,z,-x
11 y,-z,-x
12 -y,-z,x
13 y,x,-z
14 -y,-x,-z
15 y,-x,z
16 -y,x,z
17 x,z,-y
18 -x,z,y
19 -x,-z,-y
20 x,-z,y
21 z,y,-x
22 z,-y,x
23 -z,y,x
24 -z,-y,-x
25 x,1/2+y,1/2+z
26 -x,1/2-y,1/2+z
27 -x,1/2+y,1/2-z
28 x,1/2-y,1/2-z
29 z,1/2+x,1/2+y
30 z,1/2-x,1/2-y
31 -z,1/2-x,1/2+y
32 -z,1/2+x,1/2-y
33 y,1/2+z,1/2+x
34 -y,1/2+z,1/2-x
35 y,1/2-z,1/2-x
36 -y,1/2-z,1/2+x
37 y,1/2+x,1/2-z
38 -y,1/2-x,1/2-z
39 y,1/2-x,1/2+z
40 -y,1/2+x,1/2+z
41 x,1/2+z,1/2-y
42 -x,1/2+z,1/2+y
43 -x,1/2-z,1/2-y
44 x,1/2-z,1/2+y
45 z,1/2+y,1/2-x
46 z,1/2-y,1/2+x
47 -z,1/2+y,1/2+x
48 -z,1/2-y,1/2-x
49 1/2+x,y,1/2+z
50 1/2-x,-y,1/2+z
51 1/2-x,y,1/2-z
52 1/2+x,-y,1/2-z
53 1/2+z,x,1/2+y
54 1/2+z,-x,1/2-y
55 1/2-z,-x,1/2+y
56 1/2-z,x,1/2-y
57 1/2+y,z,1/2+x
58 1/2-y,z,1/2-x
59 1/2+y,-z,1/2-x
60 1/2-y,-z,1/2+x
61 1/2+y,x,1/2-z
62 1/2-y,-x,1/2-z
63 1/2+y,-x,1/2+z
64 1/2-y,x,1/2+z
65 1/2+x,z,1/2-y
66 1/2-x,z,1/2+y
67 1/2-x,-z,1/2-y
68 1/2+x,-z,1/2+y
69 1/2+z,y,1/2-x
70 1/2+z,-y,1/2+x
71 1/2-z,y,1/2+x
72 1/2-z,-y,1/2-x
73 1/2+x,1/2+y,z
74 1/2-x,1/2-y,z
75 1/2-x,1/2+y,-z
76 1/2+x,1/2-y,-z
77 1/2+z,1/2+x,y
78 1/2+z,1/2-x,-y
79 1/2-z,1/2-x,y
80 1/2-z,1/2+x,-y
81 1/2+y,1/2+z,x
82 1/2-y,1/2+z,-x
83 1/2+y,1/2-z,-x
84 1/2-y,1/2-z,x
85 1/2+y,1/2+x,-z
86 1/2-y,1/2-x,-z
87 1/2+y,1/2-x,z
88 1/2-y,1/2+x,z
89 1/2+x,1/2+z,-y
90 1/2-x,1/2+z,y
91 1/2-x,1/2-z,-y
92 1/2+x,1/2-z,y
93 1/2+z,1/2+y,-x
94 1/2+z,1/2-y,x
95 1/2-z,1/2+y,x
96 1/2-z,1/2-y,-x
97 -x,-y,-z
98 x,y,-z
99 x,-y,z
100 -x,y,z
101 -z,-x,-y
102 -z,x,y
103 z,x,-y
104 z,-x,y
105 -y,-z,-x
106 y,-z,x
107 -y,z,x
108 y,z,-x
109 -y,-x,z
110 y,x,z
111 -y,x,-z
112 y,-x,-z
113 -x,-z,y
114 x,-z,-y
115 x,z,y
116 -x,z,-y
117 -z,-y,x
118 -z,y,-x
119 z,-y,-x
120 z,y,x
121 -x,1/2-y,1/2-z
122 x,1/2+y,1/2-z
123 x,1/2-y,1/2+z
124 -x,1/2+y,1/2+z
125 -z,1/2-x,1/2-y
126 -z,1/2+x,1/2+y
127 z,1/2+x,1/2-y
128 z,1/2-x,1/2+y
129 -y,1/2-z,1/2-x
130 y,1/2-z,1/2+x
131 -y,1/2+z,1/2+x
132 y,1/2+z,1/2-x
133 -y,1/2-x,1/2+z
134 y,1/2+x,1/2+z
135 -y,1/2+x,1/2-z
136 y,1/2-x,1/2-z
137 -x,1/2-z,1/2+y
138 x,1/2-z,1/2-y
139 x,1/2+z,1/2+y
140 -x,1/2+z,1/2-y
141 -z,1/2-y,1/2+x
142 -z,1/2+y,1/2-x
143 z,1/2-y,1/2-x
144 z,1/2+y,1/2+x
145 1/2-x,-y,1/2-z
146 1/2+x,y,1/2-z
147 1/2+x,-y,1/2+z
148 1/2-x,y,1/2+z
149 1/2-z,-x,1/2-y
150 1/2-z,x,1/2+y
151 1/2+z,x,1/2-y
152 1/2+z,-x,1/2+y
153 1/2-y,-z,1/2-x
154 1/2+y,-z,1/2+x
155 1/2-y,z,1/2+x
156 1/2+y,z,1/2-x
157 1/2-y,-x,1/2+z
158 1/2+y,x,1/2+z
159 1/2-y,x,1/2-z
160 1/2+y,-x,1/2-z
161 1/2-x,-z,1/2+y
162 1/2+x,-z,1/2-y
163 1/2+x,z,1/2+y
164 1/2-x,z,1/2-y
165 1/2-z,-y,1/2+x
166 1/2-z,y,1/2-x
167 1/2+z,-y,1/2-x
168 1/2+z,y,1/2+x
169 1/2-x,1/2-y,-z
170 1/2+x,1/2+y,-z
171 1/2+x,1/2-y,z
172 1/2-x,1/2+y,z
173 1/2-z,1/2-x,-y
174 1/2-z,1/2+x,y
175 1/2+z,1/2+x,-y
176 1/2+z,1/2-x,y
177 1/2-y,1/2-z,-x
178 1/2+y,1/2-z,x
179 1/2-y,1/2+z,x
180 1/2+y,1/2+z,-x
181 1/2-y,1/2-x,z
182 1/2+y,1/2+x,z
183 1/2-y,1/2+x,-z
184 1/2+y,1/2-x,-z
185 1/2-x,1/2-z,y
186 1/2+x,1/2-z,-y
187 1/2+x,1/2+z,y
188 1/2-x,1/2+z,-y
189 1/2-z,1/2-y,x
190 1/2-z,1/2+y,-x
191 1/2+z,1/2-y,-x
192 1/2+z,1/2+y,x
_cell_length_a                   60.355(7)
_cell_length_b                   60.355(7)
_cell_length_c                   60.355(7)
_cell_angle_alpha                90
_cell_angle_beta                 90
_cell_angle_gamma                90
_cell_volume                     219857
_exptl_crystal_colour            'pale yellow'
_exptl_crystal_description       block
_cell_formula_units_Z            6
loop_
_atom_site_label
_atom_site_type_symbol
_atom_site_fract_x
_atom_site_fract_y
_atom_site_fract_z
S1 S 0.1947(9) -0.0147(12) 0.3053(9)
O1 O 0.2090(10) 0.0000 0.2910(10)
C1 C 0.1734(15) 0.0000 0.290(2)
S1SB S 0.1947(9) 0.0147(12) 0.3053(9)
C1SB C 0.210(2) 0.0000 0.3266(15)
O2 O 0.1563(12) 0.0000 0.1563(12)
O3 O 0.1467(12) 0.1467(12) 0.5892(19)
O4 O 0.1133(19) 0.1688(18) 0.0303(15)
O5 O 0.1307(14) 0.1800(17) 0.0683(17)
O6 O 0.2260(16) 0.0314(18) 0.3847(19)
Pd1 Pd 0.20368(7) 0.0000 0.20368(7)
N1 N 0.1862(3) 0.0224(3) 0.2214(3)
C2 C 0.1939(3) 0.0292(4) 0.2420(3)
H1 H 0.2064 0.0223 0.2484
C3 C 0.1831(4) 0.0462(4) 0.2532(3)
H2 H 0.1883 0.0509 0.2673
C4 C 0.1647(3) 0.0564(4) 0.2437(3)
C5 C 0.1571(3) 0.0495(4) 0.2231(3)
H3 H 0.1445 0.0565 0.2167
C6 C 0.1678(3) 0.0325(4) 0.2119(3)
H4 H 0.1626 0.0278 0.1978
C7 C 0.1518(4) 0.0708(4) 0.2565(5)
C8 C 0.1424(5) 0.0855(6) 0.2660(5)
C9 C 0.1325(7) 0.1039(6) 0.2758(8)
C10 C 0.1148(7) 0.1148(7) 0.2645(6)
C11 C 0.1371(7) 0.1072(7) 0.2993(6)
H5 H 0.1478 0.0983 0.3066
C12 C 0.1248(8) 0.1248(8) 0.3116(9)
H6 H 0.1280 0.1280 0.3267
O7 O 0.1108(4) 0.1108(4) 0.2430(5)
C13 C 0.0946(5) 0.0946(5) 0.2383(11)
C14 C 0.0912(11) 0.0912(11) 0.2156(13)
N1ED N 0.0224(3) 0.1862(3) 0.2214(3)
C2ED C 0.0292(4) 0.1939(3) 0.2420(3)
H1ED H 0.0223 0.2064 0.2484
C3ED C 0.0462(4) 0.1831(4) 0.2532(3)
H2ED H 0.0509 0.1883 0.2673
C4ED C 0.0564(4) 0.1647(3) 0.2437(3)
C5ED C 0.0495(4) 0.1571(3) 0.2231(3)
H3ED H 0.0565 0.1445 0.2167
C6ED C 0.0325(4) 0.1678(3) 0.2119(3)
H4ED H 0.0278 0.1626 0.1978
C7ED C 0.0708(4) 0.1518(4) 0.2565(5)
C8ED C 0.0855(6) 0.1424(5) 0.2660(5)
C9ED C 0.1039(6) 0.1325(7) 0.2758(8)
C11ED C 0.1072(7) 0.1371(7) 0.2993(6)
H5ED H 0.0983 0.1478 0.3066
Pd1D Pd 0.20368(7) 0.20368(7) 0.0000
N1D N 0.2214(3) 0.1862(3) 0.0224(3)
C2D C 0.2420(3) 0.1939(3) 0.0292(4)
H1D H 0.2484 0.2064 0.0223
C3D C 0.2532(3) 0.1831(4) 0.0462(4)
H2D H 0.2673 0.1883 0.0509
C4D C 0.2437(3) 0.1647(3) 0.0564(4)
C5D C 0.2231(3) 0.1571(3) 0.0495(4)
H3D H 0.2167 0.1445 0.0565
C6D C 0.2119(3) 0.1678(3) 0.0325(4)
H4D H 0.1978 0.1626 0.0278
C7D C 0.2565(5) 0.1518(4) 0.0708(4)
C8D C 0.2660(5) 0.1424(5) 0.0855(6)
C9D C 0.2758(8) 0.1325(7) 0.1039(6)
C10D C 0.2645(6) 0.1148(7) 0.1148(7)
C11D C 0.2993(6) 0.1371(7) 0.1072(7)
H5D H 0.3066 0.1478 0.0983
C12D C 0.3116(9) 0.1248(8) 0.1248(8)
H6D H 0.3267 0.1280 0.1280
O7D O 0.2430(5) 0.1108(4) 0.1108(4)
C13D C 0.2383(11) 0.0946(5) 0.0946(5)
C14D C 0.2156(13) 0.0912(11) 0.0912(11)
N1OD N 0.2214(3) 0.0224(3) 0.1862(3)
C2OD C 0.2420(3) 0.0292(4) 0.1939(3)
H1OD H 0.2484 0.0223 0.2064
C3OD C 0.2532(3) 0.0462(4) 0.1831(4)
H2OD H 0.2673 0.0509 0.1883
C4OD C 0.2437(3) 0.0564(4) 0.1647(3)
C5OD C 0.2231(3) 0.0495(4) 0.1571(3)
H3OD H 0.2167 0.0565 0.1445
C6OD C 0.2119(3) 0.0325(4) 0.1678(3)
H4OD H 0.1978 0.0278 0.1626
C7OD C 0.2565(5) 0.0708(4) 0.1518(4)
C8OD C 0.2660(5) 0.0855(6) 0.1424(5)
C9OD C 0.2758(8) 0.1039(6) 0.1325(7)
C11OD C 0.2993(6) 0.1072(7) 0.1371(7)
H5OD H 0.3066 0.0983 0.1478
Pd1H Pd 0.0000 0.20368(7) 0.20368(7)
N1H N 0.0224(3) 0.2214(3) 0.1862(3)
C2H C 0.0292(4) 0.2420(3) 0.1939(3)
H1H H 0.0223 0.2484 0.2064
C3H C 0.0462(4) 0.2532(3) 0.1831(4)
H2H H 0.0509 0.2673 0.1883
C4H C 0.0564(4) 0.2437(3) 0.1647(3)
C5H C 0.0495(4) 0.2231(3) 0.1571(3)
H3H H 0.0565 0.2167 0.1445
C6H C 0.0325(4) 0.2119(3) 0.1678(3)
H4H H 0.0278 0.1978 0.1626
C7H C 0.0708(4) 0.2565(5) 0.1518(4)
C8H C 0.0855(6) 0.2660(5) 0.1424(5)
C9H C 0.1039(6) 0.2758(8) 0.1325(7)
C10H C 0.1148(7) 0.2645(6) 0.1148(7)
C11H C 0.1072(7) 0.2993(6) 0.1371(7)
H5H H 0.0983 0.3066 0.1478
C12H C 0.1248(8) 0.3116(9) 0.1248(8)
H6H H 0.1280 0.3267 0.1280
O7H O 0.1108(4) 0.2430(5) 0.1108(4)
C13H C 0.0946(5) 0.2383(11) 0.0946(5)
C14H C 0.0912(11) 0.2156(13) 0.0912(11)
N1JD N 0.1862(3) 0.2214(3) 0.0224(3)
C2JD C 0.1939(3) 0.2420(3) 0.0292(4)
H1JD H 0.2064 0.2484 0.0223
C3JD C 0.1831(4) 0.2532(3) 0.0462(4)
H2JD H 0.1883 0.2673 0.0509
C4JD C 0.1647(3) 0.2437(3) 0.0564(4)
C5JD C 0.1571(3) 0.2231(3) 0.0495(4)
H3JD H 0.1445 0.2167 0.0565
C6JD C 0.1678(3) 0.2119(3) 0.0325(4)
H4JD H 0.1626 0.1978 0.0278
C7JD C 0.1518(4) 0.2565(5) 0.0708(4)
C8JD C 0.1424(5) 0.2660(5) 0.0855(6)
C9JD C 0.1325(7) 0.2758(8) 0.1039(6)
C11JD C 0.1371(7) 0.2993(6) 0.1072(7)
H5JD H 0.1478 0.3066 0.0983
Pd1K Pd 0.0000 -0.20368(7) 0.20368(7)
N1N N 0.0224(3) -0.1862(3) 0.2214(3)
C2N C 0.0292(4) -0.1939(3) 0.2420(3)
H1N H 0.0223 -0.2064 0.2484
C3N C 0.0462(4) -0.1831(4) 0.2532(3)
H2N H 0.0509 -0.1883 0.2673
C4N C 0.0564(4) -0.1647(3) 0.2437(3)
C5N C 0.0495(4) -0.1571(3) 0.2231(3)
H3N H 0.0565 -0.1445 0.2167
C6N C 0.0325(4) -0.1678(3) 0.2119(3)
H4N H 0.0278 -0.1626 0.1978
C7N C 0.0708(4) -0.1518(4) 0.2565(5)
C8N C 0.0855(6) -0.1424(5) 0.2660(5)
C9N C 0.1039(6) -0.1325(7) 0.2758(8)
C10N C 0.1148(7) -0.1148(7) 0.2645(6)
C11N C 0.1072(7) -0.1371(7) 0.2993(6)
H5N H 0.0983 -0.1478 0.3066
C12N C 0.1248(8) -0.1248(8) 0.3116(9)
H6N H 0.1280 -0.1280 0.3267
O7N O 0.1108(4) -0.1108(4) 0.2430(5)
C13N C 0.0946(5) -0.0946(5) 0.2383(11)
C14N C 0.0912(11) -0.0912(11) 0.2156(13)
N1TC N 0.1862(3) -0.0224(3) 0.2214(3)
C2TC C 0.1939(3) -0.0292(4) 0.2420(3)
H1TC H 0.2064 -0.0223 0.2484
C3TC C 0.1831(4) -0.0462(4) 0.2532(3)
H2TC H 0.1883 -0.0509 0.2673
C4TC C 0.1647(3) -0.0564(4) 0.2437(3)
C5TC C 0.1571(3) -0.0495(4) 0.2231(3)
H3TC H 0.1445 -0.0565 0.2167
C6TC C 0.1678(3) -0.0325(4) 0.2119(3)
H4TC H 0.1626 -0.0278 0.1978
C7TC C 0.1518(4) -0.0708(4) 0.2565(5)
C8TC C 0.1424(5) -0.0855(6) 0.2660(5)
C9TC C 0.1325(7) -0.1039(6) 0.2758(8)
C11TC C 0.1371(7) -0.1072(7) 0.2993(6)
H5TC H 0.1478 -0.0983 0.3066
N1O N -0.0224(3) 0.1862(3) 0.2214(3)
C2O C -0.0292(4) 0.1939(3) 0.2420(3)
H1O H -0.0223 0.2064 0.2484
C3O C -0.0462(4) 0.1831(4) 0.2532(3)
H2O H -0.0509 0.1883 0.2673
C4O C -0.0564(4) 0.1647(3) 0.2437(3)
C5O C -0.0495(4) 0.1571(3) 0.2231(3)
H3O H -0.0565 0.1445 0.2167
C6O C -0.0325(4) 0.1678(3) 0.2119(3)
H4O H -0.0278 0.1626 0.1978
C7O C -0.0708(4) 0.1518(4) 0.2565(5)
C8O C -0.0855(6) 0.1424(5) 0.2660(5)
C9O C -0.1039(6) 0.1325(7) 0.2758(8)
C10O C -0.1148(7) 0.1148(7) 0.2645(6)
C11O C -0.1072(7) 0.1371(7) 0.2993(6)
H5O H -0.0983 0.1478 0.3066
C12O C -0.1248(8) 0.1248(8) 0.3116(9)
H6O H -0.1280 0.1280 0.3267
O7O O -0.1108(4) 0.1108(4) 0.2430(5)
C13O C -0.0946(5) 0.0946(5) 0.2383(11)
C14O C -0.0912(11) 0.0912(11) 0.2156(13)
N1UC N -0.1862(3) 0.0224(3) 0.2214(3)
C2UC C -0.1939(3) 0.0292(4) 0.2420(3)
H1UC H -0.2064 0.0223 0.2484
C3UC C -0.1831(4) 0.0462(4) 0.2532(3)
H2UC H -0.1883 0.0509 0.2673
C4UC C -0.1647(3) 0.0564(4) 0.2437(3)
C5UC C -0.1571(3) 0.0495(4) 0.2231(3)
H3UC H -0.1445 0.0565 0.2167
C6UC C -0.1678(3) 0.0325(4) 0.2119(3)
H4UC H -0.1626 0.0278 0.1978
C7UC C -0.1518(4) 0.0708(4) 0.2565(5)
C8UC C -0.1424(5) 0.0855(6) 0.2660(5)
C9UC C -0.1325(7) 0.1039(6) 0.2758(8)
C11UC C -0.1371(7) 0.1072(7) 0.2993(6)
H5UC H -0.1478 0.0983 0.3066
Pd1G Pd -0.20368(7) 0.20368(7) 0.0000
N1Q N -0.1862(3) 0.2214(3) 0.0224(3)
C2Q C -0.1939(3) 0.2420(3) 0.0292(4)
H1Q H -0.2064 0.2484 0.0223
C3Q C -0.1831(4) 0.2532(3) 0.0462(4)
H2Q H -0.1883 0.2673 0.0509
C4Q C -0.1647(3) 0.2437(3) 0.0564(4)
C5Q C -0.1571(3) 0.2231(3) 0.0495(4)
H3Q H -0.1445 0.2167 0.0565
C6Q C -0.1678(3) 0.2119(3) 0.0325(4)
H4Q H -0.1626 0.1978 0.0278
C7Q C -0.1518(4) 0.2565(5) 0.0708(4)
C8Q C -0.1424(5) 0.2660(5) 0.0855(6)
C9Q C -0.1325(7) 0.2758(8) 0.1039(6)
C10Q C -0.1148(7) 0.2645(6) 0.1148(7)
C11Q C -0.1371(7) 0.2993(6) 0.1072(7)
H5Q H -0.1478 0.3066 0.0983
C12Q C -0.1248(8) 0.3116(9) 0.1248(8)
H6Q H -0.1280 0.3267 0.1280
O7Q O -0.1108(4) 0.2430(5) 0.1108(4)
C13Q C -0.0946(5) 0.2383(11) 0.0946(5)
C14Q C -0.0912(11) 0.2156(13) 0.0912(11)
N1BD N -0.0224(3) 0.2214(3) 0.1862(3)
C2BD C -0.0292(4) 0.2420(3) 0.1939(3)
H1BD H -0.0223 0.2484 0.2064
C3BD C -0.0462(4) 0.2532(3) 0.1831(4)
H2BD H -0.0509 0.2673 0.1883
C4BD C -0.0564(4) 0.2437(3) 0.1647(3)
C5BD C -0.0495(4) 0.2231(3) 0.1571(3)
H3BD H -0.0565 0.2167 0.1445
C6BD C -0.0325(4) 0.2119(3) 0.1678(3)
H4BD H -0.0278 0.1978 0.1626
C7BD C -0.0708(4) 0.2565(5) 0.1518(4)
C8BD C -0.0855(6) 0.2660(5) 0.1424(5)
C9BD C -0.1039(6) 0.2758(8) 0.1325(7)
C11BD C -0.1072(7) 0.2993(6) 0.1371(7)
H5BD H -0.0983 0.3066 0.1478
N1U N 0.2214(3) -0.0224(3) 0.1862(3)
C2U C 0.2420(3) -0.0292(4) 0.1939(3)
H1U H 0.2484 -0.0223 0.2064
C3U C 0.2532(3) -0.0462(4) 0.1831(4)
H2U H 0.2673 -0.0509 0.1883
C4U C 0.2437(3) -0.0564(4) 0.1647(3)
C5U C 0.2231(3) -0.0495(4) 0.1571(3)
H3U H 0.2167 -0.0565 0.1445
C6U C 0.2119(3) -0.0325(4) 0.1678(3)
H4U H 0.1978 -0.0278 0.1626
C7U C 0.2565(5) -0.0708(4) 0.1518(4)
C8U C 0.2660(5) -0.0855(6) 0.1424(5)
C9U C 0.2758(8) -0.1039(6) 0.1325(7)
C10U C 0.2645(6) -0.1148(7) 0.1148(7)
C11U C 0.2993(6) -0.1072(7) 0.1371(7)
H5U H 0.3066 -0.0983 0.1478
C12U C 0.3116(9) -0.1248(8) 0.1248(8)
H6U H 0.3267 -0.1280 0.1280
O7U O 0.2430(5) -0.1108(4) 0.1108(4)
C13U C 0.2383(11) -0.0946(5) 0.0946(5)
C14U C 0.2156(13) -0.0912(11) 0.0912(11)
N1YC N 0.2214(3) -0.1862(3) 0.0224(3)
C2YC C 0.2420(3) -0.1939(3) 0.0292(4)
H1YC H 0.2484 -0.2064 0.0223
C3YC C 0.2532(3) -0.1831(4) 0.0462(4)
H2YC H 0.2673 -0.1883 0.0509
C4YC C 0.2437(3) -0.1647(3) 0.0564(4)
C5YC C 0.2231(3) -0.1571(3) 0.0495(4)
H3YC H 0.2167 -0.1445 0.0565
C6YC C 0.2119(3) -0.1678(3) 0.0325(4)
H4YC H 0.1978 -0.1626 0.0278
C7YC C 0.2565(5) -0.1518(4) 0.0708(4)
C8YC C 0.2660(5) -0.1424(5) 0.0855(6)
C9YC C 0.2758(8) -0.1325(7) 0.1039(6)
C11YC C 0.2993(6) -0.1371(7) 0.1072(7)
H5YC H 0.3066 -0.1478 0.0983
Pd1A Pd -0.20368(7) 0.0000 0.20368(7)
Pd1E Pd 0.20368(7) -0.20368(7) 0.0000
N1A N -0.1862(3) -0.0224(3) 0.2214(3)
C2A C -0.1939(3) -0.0292(4) 0.2420(3)
H1A H -0.2064 -0.0223 0.2484
C3A C -0.1831(4) -0.0462(4) 0.2532(3)
H2A H -0.1883 -0.0509 0.2673
C4A C -0.1647(3) -0.0564(4) 0.2437(3)
C5A C -0.1571(3) -0.0495(4) 0.2231(3)
H3A H -0.1445 -0.0565 0.2167
C6A C -0.1678(3) -0.0325(4) 0.2119(3)
H4A H -0.1626 -0.0278 0.1978
C7A C -0.1518(4) -0.0708(4) 0.2565(5)
C8A C -0.1424(5) -0.0855(6) 0.2660(5)
C9A C -0.1325(7) -0.1039(6) 0.2758(8)
C10A C -0.1148(7) -0.1148(7) 0.2645(6)
C11A C -0.1371(7) -0.1072(7) 0.2993(6)
H5A H -0.1478 -0.0983 0.3066
C12A C -0.1248(8) -0.1248(8) 0.3116(9)
H6A H -0.1280 -0.1280 0.3267
O7A O -0.1108(4) -0.1108(4) 0.2430(5)
C13A C -0.0946(5) -0.0946(5) 0.2383(11)
C14A C -0.0912(11) -0.0912(11) 0.2156(13)
N1DD N -0.0224(3) -0.1862(3) 0.2214(3)
C2DD C -0.0292(4) -0.1939(3) 0.2420(3)
H1DD H -0.0223 -0.2064 0.2484
C3DD C -0.0462(4) -0.1831(4) 0.2532(3)
H2DD H -0.0509 -0.1883 0.2673
C4DD C -0.0564(4) -0.1647(3) 0.2437(3)
C5DD C -0.0495(4) -0.1571(3) 0.2231(3)
H3DD H -0.0565 -0.1445 0.2167
C6DD C -0.0325(4) -0.1678(3) 0.2119(3)
H4DD H -0.0278 -0.1626 0.1978
C7DD C -0.0708(4) -0.1518(4) 0.2565(5)
C8DD C -0.0855(6) -0.1424(5) 0.2660(5)
C9DD C -0.1039(6) -0.1325(7) 0.2758(8)
C11DD C -0.1072(7) -0.1371(7) 0.2993(6)
H5DD H -0.0983 -0.1478 0.3066
N1E N 0.2214(3) -0.1862(3) -0.0224(3)
C2E C 0.2420(3) -0.1939(3) -0.0292(4)
H1E H 0.2484 -0.2064 -0.0223
C3E C 0.2532(3) -0.1831(4) -0.0462(4)
H2E H 0.2673 -0.1883 -0.0509
C4E C 0.2437(3) -0.1647(3) -0.0564(4)
C5E C 0.2231(3) -0.1571(3) -0.0495(4)
H3E H 0.2167 -0.1445 -0.0565
C6E C 0.2119(3) -0.1678(3) -0.0325(4)
H4E H 0.1978 -0.1626 -0.0278
C7E C 0.2565(5) -0.1518(4) -0.0708(4)
C8E C 0.2660(5) -0.1424(5) -0.0855(6)
C9E C 0.2758(8) -0.1325(7) -0.1039(6)
C10E C 0.2645(6) -0.1148(7) -0.1148(7)
C11E C 0.2993(6) -0.1371(7) -0.1072(7)
H5E H 0.3066 -0.1478 -0.0983
C12E C 0.3116(9) -0.1248(8) -0.1248(8)
H6E H 0.3267 -0.1280 -0.1280
O7E O 0.2430(5) -0.1108(4) -0.1108(4)
C13E C 0.2383(11) -0.0946(5) -0.0946(5)
C14E C 0.2156(13) -0.0912(11) -0.0912(11)
N1ND N 0.2214(3) -0.0224(3) -0.1862(3)
C2ND C 0.2420(3) -0.0292(4) -0.1939(3)
H1ND H 0.2484 -0.0223 -0.2064
C3ND C 0.2532(3) -0.0462(4) -0.1831(4)
H2ND H 0.2673 -0.0509 -0.1883
C4ND C 0.2437(3) -0.0564(4) -0.1647(3)
C5ND C 0.2231(3) -0.0495(4) -0.1571(3)
H3ND H 0.2167 -0.0565 -0.1445
C6ND C 0.2119(3) -0.0325(4) -0.1678(3)
H4ND H 0.1978 -0.0278 -0.1626
C7ND C 0.2565(5) -0.0708(4) -0.1518(4)
C8ND C 0.2660(5) -0.0855(6) -0.1424(5)
C9ND C 0.2758(8) -0.1039(6) -0.1325(7)
C11ND C 0.2993(6) -0.1072(7) -0.1371(7)
H5ND H 0.3066 -0.0983 -0.1478
Pd1F Pd -0.20368(7) -0.20368(7) 0.0000
N1F N -0.2214(3) -0.1862(3) 0.0224(3)
C2F C -0.2420(3) -0.1939(3) 0.0292(4)
H1F H -0.2484 -0.2064 0.0223
C3F C -0.2532(3) -0.1831(4) 0.0462(4)
H2F H -0.2673 -0.1883 0.0509
C4F C -0.2437(3) -0.1647(3) 0.0564(4)
C5F C -0.2231(3) -0.1571(3) 0.0495(4)
H3F H -0.2167 -0.1445 0.0565
C6F C -0.2119(3) -0.1678(3) 0.0325(4)
H4F H -0.1978 -0.1626 0.0278
C7F C -0.2565(5) -0.1518(4) 0.0708(4)
C8F C -0.2660(5) -0.1424(5) 0.0855(6)
C9F C -0.2758(8) -0.1325(7) 0.1039(6)
C10F C -0.2645(6) -0.1148(7) 0.1148(7)
C11F C -0.2993(6) -0.1371(7) 0.1072(7)
H5F H -0.3066 -0.1478 0.0983
C12F C -0.3116(9) -0.1248(8) 0.1248(8)
H6F H -0.3267 -0.1280 0.1280
O7F O -0.2430(5) -0.1108(4) 0.1108(4)
C13F C -0.2383(11) -0.0946(5) 0.0946(5)
C14F C -0.2156(13) -0.0912(11) 0.0912(11)
N1LD N -0.2214(3) -0.0224(3) 0.1862(3)
C2LD C -0.2420(3) -0.0292(4) 0.1939(3)
H1LD H -0.2484 -0.0223 0.2064
C3LD C -0.2532(3) -0.0462(4) 0.1831(4)
H2LD H -0.2673 -0.0509 0.1883
C4LD C -0.2437(3) -0.0564(4) 0.1647(3)
C5LD C -0.2231(3) -0.0495(4) 0.1571(3)
H3LD H -0.2167 -0.0565 0.1445
C6LD C -0.2119(3) -0.0325(4) 0.1678(3)
H4LD H -0.1978 -0.0278 0.1626
C7LD C -0.2565(5) -0.0708(4) 0.1518(4)
C8LD C -0.2660(5) -0.0855(6) 0.1424(5)
C9LD C -0.2758(8) -0.1039(6) 0.1325(7)
C11LD C -0.2993(6) -0.1072(7) 0.1371(7)
H5LD H -0.3066 -0.0983 0.1478
N1G N -0.2214(3) 0.1862(3) -0.0224(3)
C2G C -0.2420(3) 0.1939(3) -0.0292(4)
H1G H -0.2484 0.2064 -0.0223
C3G C -0.2532(3) 0.1831(4) -0.0462(4)
H2G H -0.2673 0.1883 -0.0509
C4G C -0.2437(3) 0.1647(3) -0.0564(4)
C5G C -0.2231(3) 0.1571(3) -0.0495(4)
H3G H -0.2167 0.1445 -0.0565
C6G C -0.2119(3) 0.1678(3) -0.0325(4)
H4G H -0.1978 0.1626 -0.0278
C7G C -0.2565(5) 0.1518(4) -0.0708(4)
C8G C -0.2660(5) 0.1424(5) -0.0855(6)
C9G C -0.2758(8) 0.1325(7) -0.1039(6)
C10G C -0.2645(6) 0.1148(7) -0.1148(7)
C11G C -0.2993(6) 0.1371(7) -0.1072(7)
H5G H -0.3066 0.1478 -0.0983
C12G C -0.3116(9) 0.1248(8) -0.1248(8)
H6G H -0.3267 0.1280 -0.1280
O7G O -0.2430(5) 0.1108(4) -0.1108(4)
C13G C -0.2383(11) 0.0946(5) -0.0946(5)
C14G C -0.2156(13) 0.0912(11) -0.0912(11)
N1MD N -0.2214(3) 0.0224(3) -0.1862(3)
C2MD C -0.2420(3) 0.0292(4) -0.1939(3)
H1MD H -0.2484 0.0223 -0.2064
C3MD C -0.2532(3) 0.0462(4) -0.1831(4)
H2MD H -0.2673 0.0509 -0.1883
C4MD C -0.2437(3) 0.0564(4) -0.1647(3)
C5MD C -0.2231(3) 0.0495(4) -0.1571(3)
H3MD H -0.2167 0.0565 -0.1445
C6MD C -0.2119(3) 0.0325(4) -0.1678(3)
H4MD H -0.1978 0.0278 -0.1626
C7MD C -0.2565(5) 0.0708(4) -0.1518(4)
C8MD C -0.2660(5) 0.0855(6) -0.1424(5)
C9MD C -0.2758(8) 0.1039(6) -0.1325(7)
C11MD C -0.2993(6) 0.1072(7) -0.1371(7)
H5MD H -0.3066 0.0983 -0.1478
Pd1I Pd 0.0000 0.20368(7) -0.20368(7)
N1I N -0.0224(3) 0.2214(3) -0.1862(3)
C2I C -0.0292(4) 0.2420(3) -0.1939(3)
H1I H -0.0223 0.2484 -0.2064
C3I C -0.0462(4) 0.2532(3) -0.1831(4)
H2I H -0.0509 0.2673 -0.1883
C4I C -0.0564(4) 0.2437(3) -0.1647(3)
C5I C -0.0495(4) 0.2231(3) -0.1571(3)
H3I H -0.0565 0.2167 -0.1445
C6I C -0.0325(4) 0.2119(3) -0.1678(3)
H4I H -0.0278 0.1978 -0.1626
C7I C -0.0708(4) 0.2565(5) -0.1518(4)
C8I C -0.0855(6) 0.2660(5) -0.1424(5)
C9I C -0.1039(6) 0.2758(8) -0.1325(7)
C10I C -0.1148(7) 0.2645(6) -0.1148(7)
C11I C -0.1072(7) 0.2993(6) -0.1371(7)
H5I H -0.0983 0.3066 -0.1478
C12I C -0.1248(8) 0.3116(9) -0.1248(8)
H6I H -0.1280 0.3267 -0.1280
O7I O -0.1108(4) 0.2430(5) -0.1108(4)
C13I C -0.0946(5) 0.2383(11) -0.0946(5)
C14I C -0.0912(11) 0.2156(13) -0.0912(11)
N1KD N -0.1862(3) 0.2214(3) -0.0224(3)
C2KD C -0.1939(3) 0.2420(3) -0.0292(4)
H1KD H -0.2064 0.2484 -0.0223
C3KD C -0.1831(4) 0.2532(3) -0.0462(4)
H2KD H -0.1883 0.2673 -0.0509
C4KD C -0.1647(3) 0.2437(3) -0.0564(4)
C5KD C -0.1571(3) 0.2231(3) -0.0495(4)
H3KD H -0.1445 0.2167 -0.0565
C6KD C -0.1678(3) 0.2119(3) -0.0325(4)
H4KD H -0.1626 0.1978 -0.0278
C7KD C -0.1518(4) 0.2565(5) -0.0708(4)
C8KD C -0.1424(5) 0.2660(5) -0.0855(6)
C9KD C -0.1325(7) 0.2758(8) -0.1039(6)
C11KD C -0.1371(7) 0.2993(6) -0.1072(7)
H5KD H -0.1478 0.3066 -0.0983
Pd1J Pd 0.0000 -0.20368(7) -0.20368(7)
N1J N 0.0224(3) -0.2214(3) -0.1862(3)
C2J C 0.0292(4) -0.2420(3) -0.1939(3)
H1J H 0.0223 -0.2484 -0.2064
C3J C 0.0462(4) -0.2532(3) -0.1831(4)
H2J H 0.0509 -0.2673 -0.1883
C4J C 0.0564(4) -0.2437(3) -0.1647(3)
C5J C 0.0495(4) -0.2231(3) -0.1571(3)
H3J H 0.0565 -0.2167 -0.1445
C6J C 0.0325(4) -0.2119(3) -0.1678(3)
H4J H 0.0278 -0.1978 -0.1626
C7J C 0.0708(4) -0.2565(5) -0.1518(4)
C8J C 0.0855(6) -0.2660(5) -0.1424(5)
C9J C 0.1039(6) -0.2758(8) -0.1325(7)
C10J C 0.1148(7) -0.2645(6) -0.1148(7)
C11J C 0.1072(7) -0.2993(6) -0.1371(7)
H5J H 0.0983 -0.3066 -0.1478
C12J C 0.1248(8) -0.3116(9) -0.1248(8)
H6J H 0.1280 -0.3267 -0.1280
O7J O 0.1108(4) -0.2430(5) -0.1108(4)
C13J C 0.0946(5) -0.2383(11) -0.0946(5)
C14J C 0.0912(11) -0.2156(13) -0.0912(11)
N1ID N 0.1862(3) -0.2214(3) -0.0224(3)
C2ID C 0.1939(3) -0.2420(3) -0.0292(4)
H1ID H 0.2064 -0.2484 -0.0223
C3ID C 0.1831(4) -0.2532(3) -0.0462(4)
H2ID H 0.1883 -0.2673 -0.0509
C4ID C 0.1647(3) -0.2437(3) -0.0564(4)
C5ID C 0.1571(3) -0.2231(3) -0.0495(4)
H3ID H 0.1445 -0.2167 -0.0565
C6ID C 0.1678(3) -0.2119(3) -0.0325(4)
H4ID H 0.1626 -0.1978 -0.0278
C7ID C 0.1518(4) -0.2565(5) -0.0708(4)
C8ID C 0.1424(5) -0.2660(5) -0.0855(6)
C9ID C 0.1325(7) -0.2758(8) -0.1039(6)
C11ID C 0.1371(7) -0.2993(6) -0.1072(7)
H5ID H 0.1478 -0.3066 -0.0983
N1K N -0.0224(3) -0.2214(3) 0.1862(3)
C2K C -0.0292(4) -0.2420(3) 0.1939(3)
H1K H -0.0223 -0.2484 0.2064
C3K C -0.0462(4) -0.2532(3) 0.1831(4)
H2K H -0.0509 -0.2673 0.1883
C4K C -0.0564(4) -0.2437(3) 0.1647(3)
C5K C -0.0495(4) -0.2231(3) 0.1571(3)
H3K H -0.0565 -0.2167 0.1445
C6K C -0.0325(4) -0.2119(3) 0.1678(3)
H4K H -0.0278 -0.1978 0.1626
C7K C -0.0708(4) -0.2565(5) 0.1518(4)
C8K C -0.0855(6) -0.2660(5) 0.1424(5)
C9K C -0.1039(6) -0.2758(8) 0.1325(7)
C10K C -0.1148(7) -0.2645(6) 0.1148(7)
C11K C -0.1072(7) -0.2993(6) 0.1371(7)
H5K H -0.0983 -0.3066 0.1478
C12K C -0.1248(8) -0.3116(9) 0.1248(8)
H6K H -0.1280 -0.3267 0.1280
O7K O -0.1108(4) -0.2430(5) 0.1108(4)
C13K C -0.0946(5) -0.2383(11) 0.0946(5)
C14K C -0.0912(11) -0.2156(13) 0.0912(11)
N1HD N -0.1862(3) -0.2214(3) 0.0224(3)
C2HD C -0.1939(3) -0.2420(3) 0.0292(4)
H1HD H -0.2064 -0.2484 0.0223
C3HD C -0.1831(4) -0.2532(3) 0.0462(4)
H2HD H -0.1883 -0.2673 0.0509
C4HD C -0.1647(3) -0.2437(3) 0.0564(4)
C5HD C -0.1571(3) -0.2231(3) 0.0495(4)
H3HD H -0.1445 -0.2167 0.0565
C6HD C -0.1678(3) -0.2119(3) 0.0325(4)
H4HD H -0.1626 -0.1978 0.0278
C7HD C -0.1518(4) -0.2565(5) 0.0708(4)
C8HD C -0.1424(5) -0.2660(5) 0.0855(6)
C9HD C -0.1325(7) -0.2758(8) 0.1039(6)
C11HD C -0.1371(7) -0.2993(6) 0.1072(7)
H5HD H -0.1478 -0.3066 0.0983
N1P N 0.1862(3) 0.2214(3) -0.0224(3)
C2P C 0.1939(3) 0.2420(3) -0.0292(4)
H1P H 0.2064 0.2484 -0.0223
C3P C 0.1831(4) 0.2532(3) -0.0462(4)
H2P H 0.1883 0.2673 -0.0509
C4P C 0.1647(3) 0.2437(3) -0.0564(4)
C5P C 0.1571(3) 0.2231(3) -0.0495(4)
H3P H 0.1445 0.2167 -0.0565
C6P C 0.1678(3) 0.2119(3) -0.0325(4)
H4P H 0.1626 0.1978 -0.0278
C7P C 0.1518(4) 0.2565(5) -0.0708(4)
C8P C 0.1424(5) 0.2660(5) -0.0855(6)
C9P C 0.1325(7) 0.2758(8) -0.1039(6)
C10P C 0.1148(7) 0.2645(6) -0.1148(7)
C11P C 0.1371(7) 0.2993(6) -0.1072(7)
H5P H 0.1478 0.3066 -0.0983
C12P C 0.1248(8) 0.3116(9) -0.1248(8)
H6P H 0.1280 0.3267 -0.1280
O7P O 0.1108(4) 0.2430(5) -0.1108(4)
C13P C 0.0946(5) 0.2383(11) -0.0946(5)
C14P C 0.0912(11) 0.2156(13) -0.0912(11)
N1CD N 0.0224(3) 0.2214(3) -0.1862(3)
C2CD C 0.0292(4) 0.2420(3) -0.1939(3)
H1CD H 0.0223 0.2484 -0.2064
C3CD C 0.0462(4) 0.2532(3) -0.1831(4)
H2CD H 0.0509 0.2673 -0.1883
C4CD C 0.0564(4) 0.2437(3) -0.1647(3)
C5CD C 0.0495(4) 0.2231(3) -0.1571(3)
H3CD H 0.0565 0.2167 -0.1445
C6CD C 0.0325(4) 0.2119(3) -0.1678(3)
H4CD H 0.0278 0.1978 -0.1626
C7CD C 0.0708(4) 0.2565(5) -0.1518(4)
C8CD C 0.0855(6) 0.2660(5) -0.1424(5)
C9CD C 0.1039(6) 0.2758(8) -0.1325(7)
C11CD C 0.1072(7) 0.2993(6) -0.1371(7)
H5CD H 0.0983 0.3066 -0.1478
N1R N -0.1862(3) -0.2214(3) -0.0224(3)
C2R C -0.1939(3) -0.2420(3) -0.0292(4)
H1R H -0.2064 -0.2484 -0.0223
C3R C -0.1831(4) -0.2532(3) -0.0462(4)
H2R H -0.1883 -0.2673 -0.0509
C4R C -0.1647(3) -0.2437(3) -0.0564(4)
C5R C -0.1571(3) -0.2231(3) -0.0495(4)
H3R H -0.1445 -0.2167 -0.0565
C6R C -0.1678(3) -0.2119(3) -0.0325(4)
H4R H -0.1626 -0.1978 -0.0278
C7R C -0.1518(4) -0.2565(5) -0.0708(4)
C8R C -0.1424(5) -0.2660(5) -0.0855(6)
C9R C -0.1325(7) -0.2758(8) -0.1039(6)
C10R C -0.1148(7) -0.2645(6) -0.1148(7)
C11R C -0.1371(7) -0.2993(6) -0.1072(7)
H5R H -0.1478 -0.3066 -0.0983
C12R C -0.1248(8) -0.3116(9) -0.1248(8)
H6R H -0.1280 -0.3267 -0.1280
O7R O -0.1108(4) -0.2430(5) -0.1108(4)
C13R C -0.0946(5) -0.2383(11) -0.0946(5)
C14R C -0.0912(11) -0.2156(13) -0.0912(11)
N1ZC N -0.0224(3) -0.2214(3) -0.1862(3)
C2ZC C -0.0292(4) -0.2420(3) -0.1939(3)
H1ZC H -0.0223 -0.2484 -0.2064
C3ZC C -0.0462(4) -0.2532(3) -0.1831(4)
H2ZC H -0.0509 -0.2673 -0.1883
C4ZC C -0.0564(4) -0.2437(3) -0.1647(3)
C5ZC C -0.0495(4) -0.2231(3) -0.1571(3)
H3ZC H -0.0565 -0.2167 -0.1445
C6ZC C -0.0325(4) -0.2119(3) -0.1678(3)
H4ZC H -0.0278 -0.1978 -0.1626
C7ZC C -0.0708(4) -0.2565(5) -0.1518(4)
C8ZC C -0.0855(6) -0.2660(5) -0.1424(5)
C9ZC C -0.1039(6) -0.2758(8) -0.1325(7)
C11ZC C -0.1072(7) -0.2993(6) -0.1371(7)
H5ZC H -0.0983 -0.3066 -0.1478
N1S N 0.1862(3) -0.2214(3) 0.0224(3)
C2S C 0.1939(3) -0.2420(3) 0.0292(4)
H1S H 0.2064 -0.2484 0.0223
C3S C 0.1831(4) -0.2532(3) 0.0462(4)
H2S H 0.1883 -0.2673 0.0509
C4S C 0.1647(3) -0.2437(3) 0.0564(4)
C5S C 0.1571(3) -0.2231(3) 0.0495(4)
H3S H 0.1445 -0.2167 0.0565
C6S C 0.1678(3) -0.2119(3) 0.0325(4)
H4S H 0.1626 -0.1978 0.0278
C7S C 0.1518(4) -0.2565(5) 0.0708(4)
C8S C 0.1424(5) -0.2660(5) 0.0855(6)
C9S C 0.1325(7) -0.2758(8) 0.1039(6)
C10S C 0.1148(7) -0.2645(6) 0.1148(7)
C11S C 0.1371(7) -0.2993(6) 0.1072(7)
H5S H 0.1478 -0.3066 0.0983
C12S C 0.1248(8) -0.3116(9) 0.1248(8)
H6S H 0.1280 -0.3267 0.1280
O7S O 0.1108(4) -0.2430(5) 0.1108(4)
C13S C 0.0946(5) -0.2383(11) 0.0946(5)
C14S C 0.0912(11) -0.2156(13) 0.0912(11)
N1AD N 0.0224(3) -0.2214(3) 0.1862(3)
C2AD C 0.0292(4) -0.2420(3) 0.1939(3)
H1AD H 0.0223 -0.2484 0.2064
C3AD C 0.0462(4) -0.2532(3) 0.1831(4)
H2AD H 0.0509 -0.2673 0.1883
C4AD C 0.0564(4) -0.2437(3) 0.1647(3)
C5AD C 0.0495(4) -0.2231(3) 0.1571(3)
H3AD H 0.0565 -0.2167 0.1445
C6AD C 0.0325(4) -0.2119(3) 0.1678(3)
H4AD H 0.0278 -0.1978 0.1626
C7AD C 0.0708(4) -0.2565(5) 0.1518(4)
C8AD C 0.0855(6) -0.2660(5) 0.1424(5)
C9AD C 0.1039(6) -0.2758(8) 0.1325(7)
C11AD C 0.1072(7) -0.2993(6) 0.1371(7)
H5AD H 0.0983 -0.3066 0.1478
Pd1C Pd 0.20368(7) 0.0000 -0.20368(7)
N1T N 0.2214(3) 0.0224(3) -0.1862(3)
C2T C 0.2420(3) 0.0292(4) -0.1939(3)
H1T H 0.2484 0.0223 -0.2064
C3T C 0.2532(3) 0.0462(4) -0.1831(4)
H2T H 0.2673 0.0509 -0.1883
C4T C 0.2437(3) 0.0564(4) -0.1647(3)
C5T C 0.2231(3) 0.0495(4) -0.1571(3)
H3T H 0.2167 0.0565 -0.1445
C6T C 0.2119(3) 0.0325(4) -0.1678(3)
H4T H 0.1978 0.0278 -0.1626
C7T C 0.2565(5) 0.0708(4) -0.1518(4)
C8T C 0.2660(5) 0.0855(6) -0.1424(5)
C9T C 0.2758(8) 0.1039(6) -0.1325(7)
C10T C 0.2645(6) 0.1148(7) -0.1148(7)
C11T C 0.2993(6) 0.1072(7) -0.1371(7)
H5T H 0.3066 0.0983 -0.1478
C12T C 0.3116(9) 0.1248(8) -0.1248(8)
H6T H 0.3267 0.1280 -0.1280
O7T O 0.2430(5) 0.1108(4) -0.1108(4)
C13T C 0.2383(11) 0.0946(5) -0.0946(5)
C14T C 0.2156(13) 0.0912(11) -0.0912(11)
N1XC N 0.2214(3) 0.1862(3) -0.0224(3)
C2XC C 0.2420(3) 0.1939(3) -0.0292(4)
H1XC H 0.2484 0.2064 -0.0223
C3XC C 0.2532(3) 0.1831(4) -0.0462(4)
H2XC H 0.2673 0.1883 -0.0509
C4XC C 0.2437(3) 0.1647(3) -0.0564(4)
C5XC C 0.2231(3) 0.1571(3) -0.0495(4)
H3XC H 0.2167 0.1445 -0.0565
C6XC C 0.2119(3) 0.1678(3) -0.0325(4)
H4XC H 0.1978 0.1626 -0.0278
C7XC C 0.2565(5) 0.1518(4) -0.0708(4)
C8XC C 0.2660(5) 0.1424(5) -0.0855(6)
C9XC C 0.2758(8) 0.1325(7) -0.1039(6)
C11XC C 0.2993(6) 0.1371(7) -0.1072(7)
H5XC H 0.3066 0.1478 -0.0983
N1V N -0.2214(3) 0.0224(3) 0.1862(3)
C2V C -0.2420(3) 0.0292(4) 0.1939(3)
H1V H -0.2484 0.0223 0.2064
C3V C -0.2532(3) 0.0462(4) 0.1831(4)
H2V H -0.2673 0.0509 0.1883
C4V C -0.2437(3) 0.0564(4) 0.1647(3)
C5V C -0.2231(3) 0.0495(4) 0.1571(3)
H3V H -0.2167 0.0565 0.1445
C6V C -0.2119(3) 0.0325(4) 0.1678(3)
H4V H -0.1978 0.0278 0.1626
C7V C -0.2565(5) 0.0708(4) 0.1518(4)
C8V C -0.2660(5) 0.0855(6) 0.1424(5)
C9V C -0.2758(8) 0.1039(6) 0.1325(7)
C10V C -0.2645(6) 0.1148(7) 0.1148(7)
C11V C -0.2993(6) 0.1072(7) 0.1371(7)
H5V H -0.3066 0.0983 0.1478
C12V C -0.3116(9) 0.1248(8) 0.1248(8)
H6V H -0.3267 0.1280 0.1280
O7V O -0.2430(5) 0.1108(4) 0.1108(4)
C13V C -0.2383(11) 0.0946(5) 0.0946(5)
C14V C -0.2156(13) 0.0912(11) 0.0912(11)
N1WC N -0.2214(3) 0.1862(3) 0.0224(3)
C2WC C -0.2420(3) 0.1939(3) 0.0292(4)
H1WC H -0.2484 0.2064 0.0223
C3WC C -0.2532(3) 0.1831(4) 0.0462(4)
H2WC H -0.2673 0.1883 0.0509
C4WC C -0.2437(3) 0.1647(3) 0.0564(4)
C5WC C -0.2231(3) 0.1571(3) 0.0495(4)
H3WC H -0.2167 0.1445 0.0565
C6WC C -0.2119(3) 0.1678(3) 0.0325(4)
H4WC H -0.1978 0.1626 0.0278
C7WC C -0.2565(5) 0.1518(4) 0.0708(4)
C8WC C -0.2660(5) 0.1424(5) 0.0855(6)
C9WC C -0.2758(8) 0.1325(7) 0.1039(6)
C11WC C -0.2993(6) 0.1371(7) 0.1072(7)
H5WC H -0.3066 0.1478 0.0983
Pd1B Pd -0.20368(7) 0.0000 -0.20368(7)
N1W N -0.2214(3) -0.0224(3) -0.1862(3)
C2W C -0.2420(3) -0.0292(4) -0.1939(3)
H1W H -0.2484 -0.0223 -0.2064
C3W C -0.2532(3) -0.0462(4) -0.1831(4)
H2W H -0.2673 -0.0509 -0.1883
C4W C -0.2437(3) -0.0564(4) -0.1647(3)
C5W C -0.2231(3) -0.0495(4) -0.1571(3)
H3W H -0.2167 -0.0565 -0.1445
C6W C -0.2119(3) -0.0325(4) -0.1678(3)
H4W H -0.1978 -0.0278 -0.1626
C7W C -0.2565(5) -0.0708(4) -0.1518(4)
C8W C -0.2660(5) -0.0855(6) -0.1424(5)
C9W C -0.2758(8) -0.1039(6) -0.1325(7)
C10W C -0.2645(6) -0.1148(7) -0.1148(7)
C11W C -0.2993(6) -0.1072(7) -0.1371(7)
H5W H -0.3066 -0.0983 -0.1478
C12W C -0.3116(9) -0.1248(8) -0.1248(8)
H6W H -0.3267 -0.1280 -0.1280
O7W O -0.2430(5) -0.1108(4) -0.1108(4)
C13W C -0.2383(11) -0.0946(5) -0.0946(5)
C14W C -0.2156(13) -0.0912(11) -0.0912(11)
N1VC N -0.2214(3) -0.1862(3) -0.0224(3)
C2VC C -0.2420(3) -0.1939(3) -0.0292(4)
H1VC H -0.2484 -0.2064 -0.0223
C3VC C -0.2532(3) -0.1831(4) -0.0462(4)
H2VC H -0.2673 -0.1883 -0.0509
C4VC C -0.2437(3) -0.1647(3) -0.0564(4)
C5VC C -0.2231(3) -0.1571(3) -0.0495(4)
H3VC H -0.2167 -0.1445 -0.0565
C6VC C -0.2119(3) -0.1678(3) -0.0325(4)
H4VC H -0.1978 -0.1626 -0.0278
C7VC C -0.2565(5) -0.1518(4) -0.0708(4)
C8VC C -0.2660(5) -0.1424(5) -0.0855(6)
C9VC C -0.2758(8) -0.1325(7) -0.1039(6)
C11VC C -0.2993(6) -0.1371(7) -0.1072(7)
H5VC H -0.3066 -0.1478 -0.0983
N1B N -0.1862(3) 0.0224(3) -0.2214(3)
C2B C -0.1939(3) 0.0292(4) -0.2420(3)
H1B H -0.2064 0.0223 -0.2484
C3B C -0.1831(4) 0.0462(4) -0.2532(3)
H2B H -0.1883 0.0509 -0.2673
C4B C -0.1647(3) 0.0564(4) -0.2437(3)
C5B C -0.1571(3) 0.0495(4) -0.2231(3)
H3B H -0.1445 0.0565 -0.2167
C6B C -0.1678(3) 0.0325(4) -0.2119(3)
H4B H -0.1626 0.0278 -0.1978
C7B C -0.1518(4) 0.0708(4) -0.2565(5)
C8B C -0.1424(5) 0.0855(6) -0.2660(5)
C9B C -0.1325(7) 0.1039(6) -0.2758(8)
C10B C -0.1148(7) 0.1148(7) -0.2645(6)
C11B C -0.1371(7) 0.1072(7) -0.2993(6)
H5B H -0.1478 0.0983 -0.3066
C12B C -0.1248(8) 0.1248(8) -0.3116(9)
H6B H -0.1280 0.1280 -0.3267
O7B O -0.1108(4) 0.1108(4) -0.2430(5)
C13B C -0.0946(5) 0.0946(5) -0.2383(11)
C14B C -0.0912(11) 0.0912(11) -0.2156(13)
N1FD N -0.0224(3) 0.1862(3) -0.2214(3)
C2FD C -0.0292(4) 0.1939(3) -0.2420(3)
H1FD H -0.0223 0.2064 -0.2484
C3FD C -0.0462(4) 0.1831(4) -0.2532(3)
H2FD H -0.0509 0.1883 -0.2673
C4FD C -0.0564(4) 0.1647(3) -0.2437(3)
C5FD C -0.0495(4) 0.1571(3) -0.2231(3)
H3FD H -0.0565 0.1445 -0.2167
C6FD C -0.0325(4) 0.1678(3) -0.2119(3)
H4FD H -0.0278 0.1626 -0.1978
C7FD C -0.0708(4) 0.1518(4) -0.2565(5)
C8FD C -0.0855(6) 0.1424(5) -0.2660(5)
C9FD C -0.1039(6) 0.1325(7) -0.2758(8)
C11FD C -0.1072(7) 0.1371(7) -0.2993(6)
H5FD H -0.0983 0.1478 -0.3066
N1C N 0.1862(3) -0.0224(3) -0.2214(3)
C2C C 0.1939(3) -0.0292(4) -0.2420(3)
H1C H 0.2064 -0.0223 -0.2484
C3C C 0.1831(4) -0.0462(4) -0.2532(3)
H2C H 0.1883 -0.0509 -0.2673
C4C C 0.1647(3) -0.0564(4) -0.2437(3)
C5C C 0.1571(3) -0.0495(4) -0.2231(3)
H3C H 0.1445 -0.0565 -0.2167
C6C C 0.1678(3) -0.0325(4) -0.2119(3)
H4C H 0.1626 -0.0278 -0.1978
C7C C 0.1518(4) -0.0708(4) -0.2565(5)
C8C C 0.1424(5) -0.0855(6) -0.2660(5)
C9C C 0.1325(7) -0.1039(6) -0.2758(8)
C10C C 0.1148(7) -0.1148(7) -0.2645(6)
C11C C 0.1371(7) -0.1072(7) -0.2993(6)
H5C H 0.1478 -0.0983 -0.3066
C12C C 0.1248(8) -0.1248(8) -0.3116(9)
H6C H 0.1280 -0.1280 -0.3267
O7C O 0.1108(4) -0.1108(4) -0.2430(5)
C13C C 0.0946(5) -0.0946(5) -0.2383(11)
C14C C 0.0912(11) -0.0912(11) -0.2156(13)
N1GD N 0.0224(3) -0.1862(3) -0.2214(3)
C2GD C 0.0292(4) -0.1939(3) -0.2420(3)
H1GD H 0.0223 -0.2064 -0.2484
C3GD C 0.0462(4) -0.1831(4) -0.2532(3)
H2GD H 0.0509 -0.1883 -0.2673
C4GD C 0.0564(4) -0.1647(3) -0.2437(3)
C5GD C 0.0495(4) -0.1571(3) -0.2231(3)
H3GD H 0.0565 -0.1445 -0.2167
C6GD C 0.0325(4) -0.1678(3) -0.2119(3)
H4GD H 0.0278 -0.1626 -0.1978
C7GD C 0.0708(4) -0.1518(4) -0.2565(5)
C8GD C 0.0855(6) -0.1424(5) -0.2660(5)
C9GD C 0.1039(6) -0.1325(7) -0.2758(8)
C11GD C 0.1072(7) -0.1371(7) -0.2993(6)
H5GD H 0.0983 -0.1478 -0.3066
N1L N 0.0224(3) 0.1862(3) -0.2214(3)
C2L C 0.0292(4) 0.1939(3) -0.2420(3)
H1L H 0.0223 0.2064 -0.2484
C3L C 0.0462(4) 0.1831(4) -0.2532(3)
H2L H 0.0509 0.1883 -0.2673
C4L C 0.0564(4) 0.1647(3) -0.2437(3)
C5L C 0.0495(4) 0.1571(3) -0.2231(3)
H3L H 0.0565 0.1445 -0.2167
C6L C 0.0325(4) 0.1678(3) -0.2119(3)
H4L H 0.0278 0.1626 -0.1978
C7L C 0.0708(4) 0.1518(4) -0.2565(5)
C8L C 0.0855(6) 0.1424(5) -0.2660(5)
C9L C 0.1039(6) 0.1325(7) -0.2758(8)
C10L C 0.1148(7) 0.1148(7) -0.2645(6)
C11L C 0.1072(7) 0.1371(7) -0.2993(6)
H5L H 0.0983 0.1478 -0.3066
C12L C 0.1248(8) 0.1248(8) -0.3116(9)
H6L H 0.1280 0.1280 -0.3267
O7L O 0.1108(4) 0.1108(4) -0.2430(5)
C13L C 0.0946(5) 0.0946(5) -0.2383(11)
C14L C 0.0912(11) 0.0912(11) -0.2156(13)
N1SC N 0.1862(3) 0.0224(3) -0.2214(3)
C2SC C 0.1939(3) 0.0292(4) -0.2420(3)
H1SC H 0.2064 0.0223 -0.2484
C3SC C 0.1831(4) 0.0462(4) -0.2532(3)
H2SC H 0.1883 0.0509 -0.2673
C4SC C 0.1647(3) 0.0564(4) -0.2437(3)
C5SC C 0.1571(3) 0.0495(4) -0.2231(3)
H3SC H 0.1445 0.0565 -0.2167
C6SC C 0.1678(3) 0.0325(4) -0.2119(3)
H4SC H 0.1626 0.0278 -0.1978
C7SC C 0.1518(4) 0.0708(4) -0.2565(5)
C8SC C 0.1424(5) 0.0855(6) -0.2660(5)
C9SC C 0.1325(7) 0.1039(6) -0.2758(8)
C11SC C 0.1371(7) 0.1072(7) -0.2993(6)
H5SC H 0.1478 0.0983 -0.3066
N1M N -0.0224(3) -0.1862(3) -0.2214(3)
C2M C -0.0292(4) -0.1939(3) -0.2420(3)
H1M H -0.0223 -0.2064 -0.2484
C3M C -0.0462(4) -0.1831(4) -0.2532(3)
H2M H -0.0509 -0.1883 -0.2673
C4M C -0.0564(4) -0.1647(3) -0.2437(3)
C5M C -0.0495(4) -0.1571(3) -0.2231(3)
H3M H -0.0565 -0.1445 -0.2167
C6M C -0.0325(4) -0.1678(3) -0.2119(3)
H4M H -0.0278 -0.1626 -0.1978
C7M C -0.0708(4) -0.1518(4) -0.2565(5)
C8M C -0.0855(6) -0.1424(5) -0.2660(5)
C9M C -0.1039(6) -0.1325(7) -0.2758(8)
C10M C -0.1148(7) -0.1148(7) -0.2645(6)
C11M C -0.1072(7) -0.1371(7) -0.2993(6)
H5M H -0.0983 -0.1478 -0.3066
C12M C -0.1248(8) -0.1248(8) -0.3116(9)
H6M H -0.1280 -0.1280 -0.3267
O7M O -0.1108(4) -0.1108(4) -0.2430(5)
C13M C -0.0946(5) -0.0946(5) -0.2383(11)
C14M C -0.0912(11) -0.0912(11) -0.2156(13)
N1RC N -0.1862(3) -0.0224(3) -0.2214(3)
C2RC C -0.1939(3) -0.0292(4) -0.2420(3)
H1RC H -0.2064 -0.0223 -0.2484
C3RC C -0.1831(4) -0.0462(4) -0.2532(3)
H2RC H -0.1883 -0.0509 -0.2673
C4RC C -0.1647(3) -0.0564(4) -0.2437(3)
C5RC C -0.1571(3) -0.0495(4) -0.2231(3)
H3RC H -0.1445 -0.0565 -0.2167
C6RC C -0.1678(3) -0.0325(4) -0.2119(3)
H4RC H -0.1626 -0.0278 -0.1978
C7RC C -0.1518(4) -0.0708(4) -0.2565(5)
C8RC C -0.1424(5) -0.0855(6) -0.2660(5)
C9RC C -0.1325(7) -0.1039(6) -0.2758(8)
C11RC C -0.1371(7) -0.1072(7) -0.2993(6)
H5RC H -0.1478 -0.0983 -0.3066
B1 B 0.2889(5) 0.0940(9) 0.2111(5)
F1 F 0.2785(4) 0.0760(11) 0.2215(4)
F2 F 0.3044(4) 0.0862(13) 0.1956(4)
F3 F 0.2998(8) 0.1070(9) 0.2271(8)
F3IF F 0.2729(8) 0.1070(9) 0.2002(8)
B2? B 0.2500 0.0075(6) 0.2500
F4? F 0.2340(2) 0.0064(16) 0.2660(2)
F5? F 0.2423(5) -0.0058(9) 0.2332(6)
F6? F 0.2508(16) 0.0294(6) 0.2440(15)
F7? F 0.2688(4) 0.0000 0.2598(8)
O8? O 0.2500 0.0673(13) 0.2500
O9? O 0.1700(11) 0.1885(12) 0.0854(12)
O10? O 0.3160(9) 0.0627(13) 0.1840(9)
loop_
_geom_bond_atom_site_label_1
_geom_bond_atom_site_label_2
_geom_bond_site_symmetry_1
_geom_bond_site_symmetry_2
B1 F1 1_555 1_555
F2 B1 1_555 1_555
F3 B1 1_555 1_555
S1 O1 1_555 1_555
O1 S1SB 1_555 1_555
C1 S1 1_555 1_555
Pd1 N1 1_555 1_555
N1 C2 1_555 1_555
C2 H1 1_555 1_555
C3 C2 1_555 1_555
H2 C3 1_555 1_555
C4 C3 1_555 1_555
C5 C4 1_555 1_555
H3 C5 1_555 1_555
C6 N1 1_555 1_555
H4 C6 1_555 1_555
C7 C4 1_555 1_555
C8 C7 1_555 1_555
C9 C8 1_555 1_555
C10 C9 1_555 1_555
C11 C9 1_555 1_555
H5 C11 1_555 1_555
C12 C11 1_555 1_555
H6 C12 1_555 1_555
O7 C10 1_555 1_555
C13 O7 1_555 1_555
C14 C13 1_555 1_555
F3IF B1 1_555 1_555
S1SB S1 1_555 1_555
C1SB S1 1_555 1_555
N1ED C2ED 1_555 1_555
C2ED H1ED 1_555 1_555
C3ED C2ED 1_555 1_555
H2ED C3ED 1_555 1_555
C4ED C3ED 1_555 1_555
C5ED C4ED 1_555 1_555
H3ED C5ED 1_555 1_555
C6ED N1ED 1_555 1_555
H4ED C6ED 1_555 1_555
C7ED C4ED 1_555 1_555
C8ED C7ED 1_555 1_555
C9ED C10 1_555 1_555
C11ED C12 1_555 1_555
H5ED C11ED 1_555 1_555
Pd1D N1D 1_555 1_555
N1D C2D 1_555 1_555
C2D H1D 1_555 1_555
C3D C2D 1_555 1_555
H2D C3D 1_555 1_555
C4D C3D 1_555 1_555
C5D C4D 1_555 1_555
H3D C5D 1_555 1_555
C6D N1D 1_555 1_555
H4D C6D 1_555 1_555
C7D C4D 1_555 1_555
C8D C7D 1_555 1_555
C9D C8D 1_555 1_555
C10D C9D 1_555 1_555
C11D C9D 1_555 1_555
H5D C11D 1_555 1_555
C12D C11D 1_555 1_555
H6D C12D 1_555 1_555
O7D C10D 1_555 1_555
C13D O7D 1_555 1_555
C14D C13D 1_555 1_555
N1OD Pd1 1_555 1_555
C2OD N1OD 1_555 1_555
H1OD C2OD 1_555 1_555
C3OD C2OD 1_555 1_555
H2OD C3OD 1_555 1_555
C4OD C3OD 1_555 1_555
C5OD C4OD 1_555 1_555
H3OD C5OD 1_555 1_555
C6OD N1OD 1_555 1_555
H4OD C6OD 1_555 1_555
C7OD C4OD 1_555 1_555
C8OD C7OD 1_555 1_555
C9OD C10D 1_555 1_555
C11OD C12D 1_555 1_555
H5OD C11OD 1_555 1_555
Pd1H N1ED 1_555 1_555
N1H Pd1H 1_555 1_555
C2H N1H 1_555 1_555
H1H C2H 1_555 1_555
C3H C2H 1_555 1_555
H2H C3H 1_555 1_555
C4H C3H 1_555 1_555
C5H C4H 1_555 1_555
H3H C5H 1_555 1_555
C6H N1H 1_555 1_555
H4H C6H 1_555 1_555
C7H C4H 1_555 1_555
C8H C7H 1_555 1_555
C9H C8H 1_555 1_555
C10H C9H 1_555 1_555
C11H C9H 1_555 1_555
H5H C11H 1_555 1_555
C12H C11H 1_555 1_555
H6H C12H 1_555 1_555
O7H C10H 1_555 1_555
C13H O7H 1_555 1_555
C14H C13H 1_555 1_555
N1JD Pd1D 1_555 1_555
C2JD N1JD 1_555 1_555
H1JD C2JD 1_555 1_555
C3JD C2JD 1_555 1_555
H2JD C3JD 1_555 1_555
C4JD C3JD 1_555 1_555
C5JD C4JD 1_555 1_555
H3JD C5JD 1_555 1_555
C6JD N1JD 1_555 1_555
H4JD C6JD 1_555 1_555
C7JD C4JD 1_555 1_555
C8JD C7JD 1_555 1_555
C9JD C10H 1_555 1_555
C11JD C12H 1_555 1_555
H5JD C11JD 1_555 1_555
Pd1K N1N 1_555 1_555
N1N C2N 1_555 1_555
C2N H1N 1_555 1_555
C3N C2N 1_555 1_555
H2N C3N 1_555 1_555
C4N C3N 1_555 1_555
C5N C4N 1_555 1_555
H3N C5N 1_555 1_555
C6N N1N 1_555 1_555
H4N C6N 1_555 1_555
C7N C4N 1_555 1_555
C8N C7N 1_555 1_555
C9N C8N 1_555 1_555
C10N C9N 1_555 1_555
C11N C9N 1_555 1_555
H5N C11N 1_555 1_555
C12N C11N 1_555 1_555
H6N C12N 1_555 1_555
O7N C10N 1_555 1_555
C13N O7N 1_555 1_555
C14N C13N 1_555 1_555
N1TC Pd1 1_555 1_555
C2TC N1TC 1_555 1_555
H1TC C2TC 1_555 1_555
C3TC C2TC 1_555 1_555
H2TC C3TC 1_555 1_555
C4TC C3TC 1_555 1_555
C5TC C4TC 1_555 1_555
H3TC C5TC 1_555 1_555
C6TC N1TC 1_555 1_555
H4TC C6TC 1_555 1_555
C7TC C4TC 1_555 1_555
C8TC C7TC 1_555 1_555
C9TC C10N 1_555 1_555
C11TC C12N 1_555 1_555
H5TC C11TC 1_555 1_555
N1O Pd1H 1_555 1_555
